# Camera Parameters for Aruco.
fx = 664.730637
cx = 333.981072
fy = 666.174374
cy = 229.840282
k1 = -0.012493
k2 = -0.009762
p1 = -0.001577
p2 = 0.001642
width = 640
height = 480
