# oST version 5.0 parameters


[image]

width
640

height
480

[narrow_stereo/left]

camera matrix
520.106251 0.000000 318.271578
0.000000 520.929506 263.559350
0.000000 0.000000 1.000000

distortion
0.166224 -0.315690 0.003221 -0.004540 0.000000

rectification
1.000000 0.000000 0.000000
0.000000 1.000000 0.000000
0.000000 0.000000 1.000000

projection
528.885225 0.000000 314.964293 0.000000
0.000000 531.864079 264.265504 0.000000
0.000000 0.000000 1.000000 0.000000

