%YAML:1.0
camera_matrix: !!opencv-matrix
   rows: 3
   cols: 3
   dt: d
   data: [ 5.8482385484324675e+02, 0., 3.1729047051634814e+02, 0.,
       5.8545433983133273e+02, 2.3906595325409393e+02, 0., 0., 1. ]
distortion_coefficients: !!opencv-matrix
   rows: 1
   cols: 5
   dt: d
   data: [ -9.6599037167262300e-02, 4.8075115142694730e-01,
       3.4552039528499227e-03, -1.7924455556275337e-03,
       -6.5650627199282174e-01 ]
rectification_matrix: !!opencv-matrix
   rows: 3
   cols: 3
   dt: f
   data: [ 1., 0., 0., 0., 1., 0., 0., 0., 1. ]
projection_matrix: !!opencv-matrix
   rows: 4
   cols: 4
   dt: f
   data: [ 5.84823853e+02, 0., -3.17290466e+02, 0., 0., -5.85454346e+02,
       -2.39065948e+02, 0., 0., 0., -1., 0., 0., 0., 0., 1. ]
