%YAML:1.0
camera_matrix: !!opencv-matrix
   rows: 3
   cols: 3
   dt: d
   data: [ 5.2141985055572343e+02, 0., 3.1290644090052047e+02, 0.,
       5.2220926807411183e+02, 2.5938875453540680e+02, 0., 0., 1. ]
distortion_coefficients: !!opencv-matrix
   rows: 1
   cols: 5
   dt: d
   data: [ 2.1678478558416164e-01, -6.0975984637220693e-01,
       1.6629522628026393e-03, 5.4794204109111233e-04,
       5.3846325271393658e-01 ]
rectification_matrix: !!opencv-matrix
   rows: 3
   cols: 3
   dt: f
   data: [ 1., 0., 0., 0., 1., 0., 0., 0., 1. ]
projection_matrix: !!opencv-matrix
   rows: 4
   cols: 4
   dt: f
   data: [ 5.20923950e+02, 4.01889570e-02, -3.13731262e+02,
       -1.29848299e+01, -1.05269349e+00, -5.21643982e+02,
       -2.60521545e+02, -1.02438457e-01, -1.58137921e-03, 2.17293971e-03,
       -9.99996364e-01, 6.54081639e-04, 0., 0., 0., 1. ]
