%YAML:1.0
rgb_intrinsics: !!opencv-matrix
   rows: 3
   cols: 3
   dt: d
   data: [ 5.2141985055572343e+02, 0., 3.1290644090052047e+02, 0.,
       5.2220926807411183e+02, 2.5938875453540680e+02, 0., 0., 1. ]
rgb_distortion: !!opencv-matrix
   rows: 1
   cols: 5
   dt: d
   data: [ 2.1678478558416164e-01, -6.0975984637220693e-01,
       1.6629522628026393e-03, 5.4794204109111233e-04,
       5.3846325271393658e-01 ]
depth_intrinsics: !!opencv-matrix
   rows: 3
   cols: 3
   dt: d
   data: [ 5.8482385484324675e+02, 0., 3.1729047051634814e+02, 0.,
       5.8545433983133273e+02, 2.3906595325409393e+02, 0., 0., 1. ]
depth_distortion: !!opencv-matrix
   rows: 1
   cols: 5
   dt: d
   data: [ -9.6599037167262300e-02, 4.8075115142694730e-01,
       3.4552039528499227e-03, -1.7924455556275337e-03,
       -6.5650627199282174e-01 ]
R: !!opencv-matrix
   rows: 3
   cols: 3
   dt: d
   data: [ 9.9999799273410817e-01, -1.2303526603156753e-03,
       -1.5813791720764438e-03, 1.2269150508205358e-03,
       9.9999688650147411e-01, -2.1729396714749217e-03,
       1.5840477305602502e-03, 2.1709950918999423e-03,
       9.9999638878002861e-01 ]
T: !!opencv-matrix
   rows: 3
   cols: 1
   dt: d
   data: [ 2.5295346753650534e-02, 5.2105526622672630e-04,
       -6.5408162665587155e-04 ]
rgb_size: !!opencv-matrix
   rows: 1
   cols: 2
   dt: i
   data: [ 640, 480 ]
raw_rgb_size: !!opencv-matrix
   rows: 1
   cols: 2
   dt: i
   data: [ 640, 480 ]
depth_size: !!opencv-matrix
   rows: 1
   cols: 2
   dt: i
   data: [ 640, 480 ]
raw_depth_size: !!opencv-matrix
   rows: 1
   cols: 2
   dt: i
   data: [ 640, 480 ]
depth_base_and_offset: !!opencv-matrix
   rows: 1
   cols: 2
   dt: f
   data: [ 7.50000030e-02, 1090. ]
